#
#"Frequency / GHz"	"Z [Re]"	"Z [Im]"
#-----------------------------------
0.0000000000000	0.0045228555121526	-9.3334667108490e-12
0.0051195723057179	0.0057828266767603	0.030716389263026
0.010239144611436	0.0091528615451036	0.060218212344780
0.015358716917154	0.013679327916460	0.087802663441690
0.020478289222872	0.018250890306070	0.11336736301963
0.025597861528590	0.021859210436781	0.13747433763545
0.030717433834308	0.024176079441421	0.16127347318629
0.035837006140025	0.025925680133629	0.18561665100227
0.040956578445743	0.027982243540693	0.21020458754047
0.046076150751461	0.030185340709652	0.23431483207288
0.051195723057179	0.031863273644329	0.25813644883469
0.056315295362897	0.033209805121539	0.28238664723493
0.061434867668615	0.034972130950765	0.30691955260527
0.066554439974333	0.037040192815513	0.33100048707898
0.071674012280051	0.038693462201471	0.35473680124730
0.076793584585769	0.040044150782425	0.37885026494369
0.081913156891487	0.041816571000906	0.40322796543098
0.087032729197205	0.043893562747991	0.42714701639412
0.092152301502923	0.045552114815119	0.45073281121460
0.097271873808641	0.046925187147462	0.47470792595361
0.10239144611436	0.048730564657008	0.49892863048538
0.10751101842008	0.050807044002545	0.52268068967510
0.11263059072579	0.052438690981600	0.54614272064615
0.11775016303151	0.053816816793692	0.57003051920945
0.12286973533723	0.055650224983144	0.59413774948300
0.12798930764295	0.057709938053086	0.61776241826472
0.13310887994867	0.059294909241240	0.64115682325593
0.13822845225438	0.060675343914874	0.66502030178745
0.14334802456010	0.062541728212748	0.68906396622291
0.14846759686582	0.064579174754500	0.71260757737091
0.15358716917154	0.066112432565600	0.73599393508168
0.15870674147726	0.067507231407819	0.75989338014951
0.16382631378297	0.069421701604787	0.78391739706005
0.16894588608869	0.071436871050537	0.80742316669225
0.17406545839441	0.072920352428261	0.83086409188866
0.17918503070013	0.074355367014026	0.85486327621976
0.18430460300585	0.076346415940657	0.87890894274036
0.18942417531156	0.078341778243969	0.90242324713858
0.19454374761728	0.079784573738790	0.92601055239867
0.19966331992300	0.081327950461825	0.95021499901217
0.20478289222872	0.083485200848301	0.97434656715797
0.20990246453443	0.085504141132204	0.99797306262951
0.21502203684015	0.087061203368648	1.0220127042261
0.22014160914587	0.089389115015323	1.0467691641072
0.22526118145159	0.093011151215595	1.0706344755614
0.23038075375731	0.096106622633520	1.0925898536482
0.23550032606302	0.097064449993942	1.1143007877700
0.24061989836874	0.097034762607559	1.1377617008526
0.24573947067446	0.097989001017009	1.1624461177050
0.25085904298018	0.099827940696538	1.1867442840710
0.25597861528590	0.10138913077260	1.2106520091889
0.26109818759161	0.10279078908538	1.2350164634689
0.26621775989733	0.10474325606941	1.2595508819323
0.27133733220305	0.10685023145516	1.2835833541226
0.27645690450877	0.10846508922032	1.3075607363179
0.28157647681449	0.11006651770247	1.3320892401804
0.28669604912020	0.11221593985181	1.3566540986424
0.29181562142592	0.11435983726976	1.3807302833842
0.29693519373164	0.11600081974469	1.4049039168552
0.30205476603736	0.11774830592776	1.4296459795200
0.30717433834308	0.12004204189401	1.4543280520198
0.31229391064879	0.12223168992077	1.4785443829335
0.31741348295451	0.12394068131652	1.5029701097752
0.32253305526023	0.12586348076087	1.5279591942879
0.32765262756595	0.12832881106467	1.5528076996973
0.33277219987167	0.13062373349168	1.5772225891256
0.33789177217738	0.13249259166548	1.6019371843090
0.34301134448310	0.13469339929323	1.6271848665750
0.34813091678882	0.13744902170899	1.6522014519164
0.35325048909454	0.14001140190637	1.6767921149990
0.35837006140025	0.14224683753606	1.7017010913301
0.36348963370597	0.14494095901165	1.7270038389222
0.36860920601169	0.14816886682772	1.7518568798207
0.37372877831741	0.15108977732032	1.7761356356664
0.37884835062313	0.15356931219450	1.8005901022458
0.38396792292884	0.15626079955683	1.8252525971417
0.38908749523456	0.15903215396694	1.8494593958732
0.39420706754028	0.16109691012294	1.8734351365118
0.39932663984600	0.16263109331851	1.8980782373764
0.40444621215172	0.16451250915938	1.9233272003376
0.40956578445743	0.16672151853326	1.9484570191669
0.41468535676315	0.16871442890346	1.9735915678292
0.41980492906887	0.17084012654877	1.9991720659004
0.42492450137459	0.17357304044213	2.0245795016797
0.43004407368031	0.17606914275134	2.0491623827231
0.43516364598602	0.17740407820252	2.0738541827034
0.44028321829174	0.17842137007644	2.0998351314093
0.44540279059746	0.18041803606654	2.1264728146142
0.45052236290318	0.18295910452398	2.1525269326454
0.45564193520890	0.18495387963449	2.1783521872381
0.46076150751461	0.18679077568377	2.2049101689162
0.46588107982033	0.18937215776323	2.2317398767456
0.47100065212605	0.19218537383295	2.2579542693290
0.47612022443177	0.19435784215067	2.2840914681819
0.48123979673749	0.19644962716509	2.3109960245837
0.48635936904320	0.19927423986812	2.3380766602765
0.49147894134892	0.20220532670623	2.3645436082240
0.49659851365464	0.20447195055374	2.3910529100649
0.50171808596036	0.20675422797818	2.4183533315517
0.50683765826607	0.20977348754282	2.4457393370574
0.51195723057179	0.21279463796031	2.4725162582826
0.51707680287751	0.21514534573501	2.4994472883622
0.52219637518323	0.21761109282230	2.5271816122406
0.52731594748895	0.22081214311922	2.5549126230495
0.53243551979466	0.22391649255425	2.5820503780715
0.53755509210038	0.22635984556669	2.6094523453679
0.54267466440610	0.22901841080067	2.6376579429349
0.54779423671182	0.23240009187790	2.6657753479061
0.55291380901754	0.23559243590864	2.6933313428694
0.55803338132325	0.23815083624051	2.7212607697409
0.56315295362897	0.24102377297070	2.7499829849232
0.56827252593469	0.24459694874465	2.7785425241797
0.57339209824041	0.24790108851162	2.8065941676413
0.57851167054613	0.25062220130109	2.8351272838356
0.58363124285184	0.25375687473199	2.8644354764519
0.58875081515756	0.25756672196854	2.8935322996088
0.59387038746328	0.26106572938171	2.9222079360630
0.59898995976900	0.26408170282347	2.9514726507382
0.60410953207472	0.26763228971918	2.9815028004164
0.60922910438043	0.27189211838269	3.0113370981065
0.61434867668615	0.27596685632253	3.0408841794330
0.61946824899187	0.27987635453237	3.0710876761610
0.62458782129759	0.28471029358412	3.1020025009762
0.62970739360331	0.29088889464388	3.1326086770225
0.63482696590902	0.29802609484531	3.1621587747839
0.63994653821474	0.30572252885898	3.1899790323287
0.64506611052046	0.31259550331670	3.2151526877319
0.65018568282618	0.31601676309192	3.2386125093793
0.65530525513189	0.31532307293499	3.2639845350030
0.66042482743761	0.31376609447094	3.2937096958065
0.66554439974333	0.31466418730872	3.3258751283187
0.67066397204905	0.31736421188906	3.3574487770668
0.67578354435477	0.31966106244539	3.3886075746861
0.68090311666048	0.32193204126812	3.4209514138116
0.68602268896620	0.32563493785066	3.4537630912102
0.69114226127192	0.32991425864405	3.4855088684575
0.69626183357764	0.33321935377230	3.5170240009549
0.70138140588336	0.33638052881442	3.5497763280501
0.70650097818907	0.34078237535546	3.5828694639445
0.71162055049479	0.34544941570822	3.6149511651519
0.71674012280051	0.34904413755086	3.6470435074970
0.72185969510623	0.35261896469579	3.6804483346200
0.72697926741195	0.35742498503532	3.7140683187615
0.73209883971766	0.36230581737669	3.7466934433726
0.73721841202338	0.36607966768343	3.7795324196092
0.74233798432910	0.36999475368696	3.8137339899415
0.74745755663482	0.37515395632242	3.8480085441874
0.75257712894054	0.38021544059375	3.8812993529824
0.75769670124625	0.38415913372019	3.9150002453373
0.76281627355197	0.38841996904036	3.9500944190091
0.76793584585769	0.39393286319425	3.9851083713910
0.77305541816341	0.39917689574008	4.0191595866317
0.77817499046912	0.40331454405495	4.0538188268837
0.78329456277484	0.40795741144352	4.0898805518546
0.78841413508056	0.41384826697314	4.1256965872121
0.79353370738628	0.41929771328723	4.1605793742259
0.79865327969200	0.42366944343595	4.1962566915414
0.80377285199771	0.42871873782436	4.2333056536393
0.80889242430343	0.43494311709573	4.2699377156803
0.81401199660915	0.44049411167761	4.3057369586302
0.81913156891487	0.44500896913499	4.3426241812589
0.82425114122059	0.45045673033757	4.3809328580936
0.82937071352630	0.45712930681952	4.4186767565553
0.83449028583202	0.46302404349980	4.4556336392604
0.83960985813774	0.46799422326922	4.4938414336003
0.84472943044346	0.47411551400376	4.5333844757792
0.84984900274918	0.48140746601468	4.5721651946517
0.85496857505489	0.48774930622883	4.6102558345791
0.86008814736061	0.49332208368656	4.6498420597447
0.86520771966633	0.50043641435861	4.6906706285189
0.87032729197205	0.50886736654059	4.7302853030667
0.87544686427777	0.51608790245936	4.7687644361488
0.88056643658348	0.52198448251908	4.8085335386636
0.88568600888920	0.52869481921057	4.8497980406279
0.89080558119492	0.53629380091413	4.8907818136483
0.89592515350064	0.54326020890998	4.9317605988636
0.90104472580636	0.55029790731039	4.9742311341296
0.90616429811207	0.55908243855341	5.0171751743350
0.91128387041779	0.56849535178672	5.0587026845248
0.91640344272351	0.57657630572608	5.0998963877107
0.92152301502923	0.58443031273611	5.1426175735543
0.92664258733494	0.59381350522485	5.1855743354032
0.93176215964066	0.60319777378708	5.2269618091948
0.93688173194638	0.61063850576891	5.2683985568248
0.94200130425210	0.61770387141745	5.3118415578913
0.94712087655782	0.62617364071043	5.3556866510359
0.95224044886353	0.63418504956522	5.3983078867138
0.95736002116925	0.64003641830646	5.4418814001410
0.96247959347497	0.64601823073683	5.4883215437377
0.96759916578069	0.65413220879890	5.5354203675463
0.97271873808641	0.66222162582373	5.5812925210546
0.97783831039212	0.66855481606622	5.6282026629230
0.98295788269784	0.67556320533063	5.6778324179033
0.98807745500356	0.68493504447196	5.7276523088431
0.99319702730928	0.69410000947593	5.7760116108846
0.99831659961500	0.70149635294198	5.8255336615784
1.0034361719207	0.70982337157917	5.8776786533703
1.0085557442264	0.72042855220030	5.9296642897235
1.0136753165321	0.73042608158174	5.9802726457904
1.0187948888379	0.73872023604990	6.0325202890121
1.0239144611436	0.74845966315436	6.0873988413984
1.0290340334493	0.76052816144488	6.1416361244843
1.0341536057550	0.77151955377083	6.1944623773529
1.0392731780607	0.78076218660213	6.2494207887859
1.0443927503665	0.79190815510202	6.3070861582477
1.0495123226722	0.80539449847702	6.3637095795762
1.0546318949779	0.81733708606233	6.4190200765694
1.0597514672836	0.82760423330726	6.4770661223616
1.0648710395893	0.84037734084801	6.5378584623461
1.0699906118950	0.85549441804268	6.5971093816628
1.0751101842008	0.86851035450078	6.6552112281720
1.0802297565065	0.88002710805630	6.7168319676140
1.0853493288122	0.89491096545776	6.7811941483130
1.0904689011179	0.91210713660207	6.8432937253968
1.0955884734236	0.92635810162276	6.9047136388714
1.1007080457294	0.93994742096234	6.9714292613769
1.1058276180351	0.96029599506523	7.0407424513371
1.1109471903408	0.98530098109764	7.1032713422818
1.1160667626465	1.0040213545786	7.1590553554099
1.1211863349522	1.0134564009658	7.2189820924969
1.1263059072579	1.0223536838784	7.2885991297024
1.1314254795637	1.0369064847296	7.3624629367696
1.1365450518694	1.0544613170767	7.4357798605408
1.1416646241751	1.0725375935756	7.5099703856733
1.1467841964808	1.0926685230735	7.5855462480183
1.1519037687865	1.1142024447074	7.6603437419424
1.1570233410923	1.1344169589683	7.7355825093389
1.1621429133980	1.1548364012665	7.8142957995223
1.1672624857037	1.1785832003493	7.8946786419611
1.1723820580094	1.2034624502516	7.9735979430280
1.1775016303151	1.2262426869614	8.0536894028717
1.1826212026208	1.2498824935013	8.1383421180230
1.1877407749266	1.2778024910021	8.2243765918384
1.1928603472323	1.3065003460976	8.3084711255244
1.1979799195380	1.3326716000903	8.3945771014034
1.2030994918437	1.3606242095526	8.4860988640246
1.2082190641494	1.3937480361347	8.5785094602029
1.2133386364551	1.4271895134360	8.6686078500574
1.2184582087609	1.4578559215631	8.7617572378306
1.2235777810666	1.4915376078387	8.8611100732079
1.2286973533723	1.5313338583088	8.9606334845103
1.2338169256780	1.5708589101969	9.0575172221035
1.2389364979837	1.6075235799929	9.1587537688063
1.2440560702895	1.6488656597521	9.2669388755610
1.2491756425952	1.6973813917963	9.3742314280880
1.2542952149009	1.7448192083487	9.4785520649750
1.2594147872066	1.7894775780362	9.5889095039391
1.2645343595123	1.8410967607614	9.7069258471402
1.2696539318180	1.9011105283605	9.8224470130167
1.2747735041238	1.9588298414814	9.9346906676831
1.2798930764295	2.0141363825646	10.055425250901
1.2850126487352	2.0799472143973	10.184580683346
1.2901322210409	2.1559483834841	10.308631009719
1.2952517933466	2.2280098069621	10.429027566128
1.3003713656524	2.2992161581124	10.561599609189
1.3054909379581	2.3880000713384	10.702450819063
1.3106105102638	2.4905153412896	10.831321195659
1.3157300825695	2.5862241548949	10.953545274297
1.3208496548752	2.6863603940827	11.091188844921
1.3259692271809	2.8219318652435	11.223658827410
1.3310887994867	2.9675506341508	11.298924802019
1.3362083717924	3.0425525615088	11.330278396703
1.3413279440981	3.0253666190795	11.418206729534
1.3464475164038	3.0089678440806	11.630590091623
1.3515670887095	3.0939859710352	11.912199718475
1.3566866610153	3.2736158808916	12.161970827646
1.3618062333210	3.4740521156566	12.354161075826
1.3669258056267	3.6634986972494	12.529821186062
1.3720453779324	3.8624111152249	12.710497178883
1.3771649502381	4.0807590650471	12.883291084500
1.3822845225438	4.3077904615954	13.045663202999
1.3874040948496	4.5458614229483	13.207533504443
1.3925236671553	4.8047657621623	13.363646267573
1.3976432394610	5.0783843394250	13.505914697872
1.4027628117667	5.3638740605727	13.642794071210
1.4078823840724	5.6775957924932	13.771304186224
1.4130019563781	6.0153023204536	13.862176994569
1.4181215286839	6.3331410949317	13.913996379423
1.4232411009896	6.6156255137438	13.984146630774
1.4283606732953	6.9265900641000	14.112671591648
1.4334802456010	7.3356818876000	14.247047409568
1.4385998179067	7.8217836898350	14.300560137623
1.4437193902125	8.3074951857386	14.260271783275
1.4488389625182	8.7657515908066	14.177705456533
1.4539585348239	9.2300343516616	14.073602176971
1.4590781071296	9.7149098644622	13.916781025071
1.4641976794353	10.191624830659	13.688317569169
1.4693172517410	10.640137070359	13.404116963286
1.4744368240468	11.067390906102	13.070970008115
1.4795563963525	11.467663771780	12.672573685693
1.4846759686582	11.811056838031	12.207043900233
1.4897955409639	12.078641183434	11.697745368554
1.4949151132696	12.272464563535	11.161803107962
1.5000346855754	12.387631073861	10.602670420819
1.5051542578811	12.408322232822	10.036614390405
1.5102738301868	12.334841827739	9.4947870608364
1.5153934024925	12.186165401205	8.9960713488104
1.5205129747982	11.974878953394	8.5436279869336
1.5256325471039	11.704713870295	8.1468002083667
1.5307521194097	11.390708457004	7.8209175670754
1.5358716917154	11.056958329925	7.5668231276919
1.5409912640211	10.715564703665	7.3732483321412
1.5461108363268	10.368309975144	7.2370038769992
1.5512304086325	10.024951397177	7.1610617232987
1.5563499809382	9.6999517585644	7.1376217152680
1.5614695532440	9.3958154201123	7.1525926483879
1.5665891255497	9.1078738615797	7.2021957435321
1.5717086978554	8.8402035247669	7.2882512539288
1.5768282701611	8.6005738373878	7.4033321775036
1.5819478424668	8.3863809451184	7.5365336023533
1.5870674147726	8.1909623482310	7.6871494377354
1.5921869870783	8.0168448441705	7.8581610826760
1.5973065593840	7.8690660822925	8.0436734263084
1.6024261316897	7.7433254241222	8.2359554465324
1.6075457039954	7.6334298617264	8.4367581556115
1.6126652763011	7.5421658368779	8.6496210916442
1.6177848486069	7.4734648486198	8.8695506888032
1.6229044209126	7.4227369288453	9.0910578948531
1.6280239932183	7.3852228899431	9.3171883861827
1.6331435655240	7.3644728797626	9.5507948515902
1.6382631378297	7.3632068542623	9.7865052109932
1.6433827101355	7.3755598207278	10.020275190384
1.6485022824412	7.3969082296406	10.257072861594
1.6536218547469	7.4315626964413	10.501077048300
1.6587414270526	7.4832767863191	10.748137636882
1.6638609993583	7.5481562847883	10.994876670882
1.6689805716640	7.6235023996949	11.245108569017
1.6741001439698	7.7135127170374	11.501059550877
1.6792197162755	7.8204300327744	11.758313743390
1.6843392885812	7.9400286484934	12.014781038856
1.6894588608869	8.0706789210779	12.274762888735
1.6945784331926	8.2170147045861	12.539848960657
1.6996980054984	8.3808433122855	12.805649173237
1.7048175778041	8.5582940261091	13.070858260050
1.7099371501098	8.7488653606975	13.339701756132
1.7150567224155	8.9574953216112	13.612921355045
1.7201762947212	9.1856135678500	13.886074020176
1.7252958670269	9.4298241859401	14.158402366772
1.7304154393327	9.6907102974135	14.433777495800
1.7355350116384	9.9734359772001	14.711973113292
1.7406545839441	10.279139480058	14.988397365223
1.7457741562498	10.605023463339	15.262567764672
1.7508937285555	10.952722161946	15.537666840625
1.7560133008612	11.327550514225	15.812288938979
1.7611328731670	11.730422945260	16.081480701995
1.7662524454727	12.159227399759	16.344621810735
1.7713720177784	12.616547736672	16.603701881127
1.7764915900841	13.107659937426	16.855741268722
1.7816111623898	13.633181381663	17.095027887557
1.7867307346956	14.191606997747	17.320164258438
1.7918503070013	14.786103016193	17.531171252433
1.7969698793070	15.421345025009	17.722906346925
1.8020894516127	16.097326001007	17.888386924623
1.8072090239184	16.813023286001	18.024319075856
1.8123285962241	17.571274031183	18.126663089032
1.8174481685299	18.373315629888	18.186041637522
1.8225677408356	19.214108682052	18.194131506958
1.8276873131413	20.089495666009	18.148580046441
1.8328068854470	21.001545673579	18.045156600637
1.8379264577527	21.950349188134	17.871650597187
1.8430460300585	22.927231140871	17.615670114426
1.8481656023642	23.921660749687	17.271196566459
1.8532851746699	24.926499044617	16.831895445847
1.8584047469756	25.930088033837	16.287134720219
1.8635243192813	26.912223400777	15.631885754990
1.8686438915870	27.855456589438	14.872090356851
1.8737634638928	28.752105517772	14.013004994005
1.8788830361985	29.592807792820	13.050684554983
1.8840026085042	30.356308220615	11.982667867880
1.8891221808099	31.018068730813	10.819725621084
1.8942417531156	31.561884538684	9.5805090019877
1.8993613254214	31.977019909479	8.2824812649379
1.9044808977271	32.252427653083	6.9449097449230
1.9096004700328	32.381728035655	5.5931813891177
1.9147200423385	32.368224588666	4.2526129730994
1.9198396146442	32.219476964278	2.9427824521743
1.9249591869499	31.942721303013	1.6818319376360
1.9300787592557	31.549629370124	0.48923777397086
1.9351983315614	31.058593723737	-0.62053101425172
1.9403179038671	30.487683419995	-1.6412503945870
1.9454374761728	29.850807258956	-2.5687085669024
1.9505570484785	29.163044193701	-3.3976482267076
1.9556766207842	28.442534369820	-4.1273348025483
1.9607961930900	27.704119451592	-4.7631623006200
1.9659157653957	26.957408677647	-5.3101493045984
1.9710353377014	26.212820844388	-5.7711573930876
1.9761549100071	25.482605584842	-6.1528562525015
1.9812744823128	24.774293401176	-6.4662743310111
1.9863940546186	24.089901922668	-6.7197882890908
1.9915136269243	23.432731730399	-6.9180024746456
1.9966331992300	22.808282809189	-7.0680874911006
2.0017527715357	22.218037849070	-7.1802037603919
2.0068723438414	21.659368900639	-7.2612137169158
2.0119919161471	21.131758173285	-7.3149657057613
2.0171114884529	20.635699263797	-7.3487291373639
2.0222310607586	20.164996419667	-7.3714088679840
2.0273506330643	19.707726839167	-7.3838425301032
2.0324702053700	19.256866560231	-7.3768924456356
2.0375897776757	18.815591240224	-7.3401552452460
2.0427093499815	18.393035977507	-7.2685091198405
2.0478289222872	18.000112629585	-7.1623644719763
2.0529484945929	17.647541341249	-7.0282754956174
2.0580680668986	17.340923888648	-6.8787784890642
2.0631876392043	17.077331124163	-6.7258639713913
2.0683072115100	16.850777780916	-6.5747881451417
2.0734267838158	16.659136606519	-6.4276533264269
2.0785463561215	16.501619407626	-6.2896307487896
2.0836659284272	16.373325811613	-6.1663837731699
2.0887855007329	16.268277989331	-6.0588123317526
2.0939050730386	16.184826723525	-5.9663471617659
2.0990246453443	16.122297579880	-5.8924640932017
2.1041442176501	16.075461511111	-5.8412582733356
2.1092637899558	16.038075648397	-5.8118807322154
2.1143833622615	16.008496479835	-5.8021741014083
2.1195029345672	15.985931902837	-5.8143044620446
2.1246225068729	15.964761089420	-5.8508288724496
2.1297420791787	15.938659341726	-5.9088658548405
2.1348616514844	15.906620575341	-5.9843392716484
2.1399812237901	15.868617317999	-6.0781480940755
2.1451007960958	15.819297646903	-6.1916517907327
2.1502203684015	15.752762647366	-6.3201547014124
2.1553399407072	15.669417664895	-6.4579978217500
2.1604595130130	15.570542724915	-6.6059181612588
2.1655790853187	15.450220750456	-6.7653952261202
2.1706986576244	15.300952895771	-6.9299345467488
2.1758182299301	15.122446074631	-7.0908398000343
2.1809378022358	14.914160656691	-7.2458287760517
2.1860573745416	14.664823057467	-7.3875535077724
2.1911769468473	14.368177082791	-7.4859625078688
2.1962965191530	14.053657356856	-7.5030143160477
2.2014160914587	13.783487118174	-7.4371719341172
2.2065356637644	13.602923057806	-7.3429025410243
2.2116552360701	13.495980410909	-7.2915622379834
2.2167748083759	13.398956997599	-7.3122628695365
2.2218943806816	13.255994113477	-7.3748992133021
2.2270139529873	13.057976751985	-7.4246807158608
2.2321335252930	12.836587234070	-7.4253698061546
2.2372530975987	12.634235511548	-7.3765661648038
2.2423726699045	12.477897584763	-7.3061027975141
2.2474922422102	12.366201954298	-7.2505537585333
2.2526118145159	12.272714845482	-7.2321979130779
2.2577313868216	12.166630181865	-7.2457090292480
2.2628509591273	12.035802905042	-7.2681693527156
2.2679705314330	11.888775215217	-7.2828307897053
2.2730901037388	11.736443168925	-7.2890712798477
2.2782096760445	11.579761559628	-7.2908382242011
2.2833292483502	11.416587199327	-7.2856825242809
2.2884488206559	11.250456168187	-7.2695933132630
2.2935683929616	11.086219960582	-7.2443136837178
2.2986879652673	10.923415382404	-7.2131322054590
2.3038075375731	10.760237952388	-7.1746936541433
2.3089271098788	10.599283581123	-7.1268071418867
2.3140466821845	10.443740088330	-7.0718296073968
2.3191662544902	10.292188879432	-7.0128193227844
2.3242858267959	10.142393722465	-6.9484551496473
2.3294053991017	9.9961690395735	-6.8767080850465
2.3345249714074	9.8557316584410	-6.7993531849097
2.3396445437131	9.7195979836338	-6.7181154881063
2.3447641160188	9.5869136805119	-6.6308574019239
2.3498836883245	9.4612827903270	-6.5365684818229
2.3550032606302	9.3451571496149	-6.4396334119418
2.3601228329360	9.2347783617350	-6.3439343339815
2.3652424052417	9.1258395006001	-6.2469422511085
2.3703619775474	9.0199374953514	-6.1446971475395
2.3754815498531	8.9203932496398	-6.0382928751946
2.3806011221588	8.8261489160212	-5.9302481385009
2.3857206944646	8.7352689402826	-5.8188778618529
2.3908402667703	8.6503356326499	-5.7019771044221
2.3959598390760	8.5745811532494	-5.5823702689518
2.4010794113817	8.5059153186617	-5.4641804521208
2.4061989836874	8.4400423280960	-5.3464850873500
2.4113185559931	8.3767679296871	-5.2254564677626
2.4164381282989	8.3188487359482	-5.1000291377852
2.4215577006046	8.2674640905791	-4.9713513500084
2.4266772729103	8.2227706695884	-4.8395433068754
2.4317968452160	8.1861000887340	-4.7047861857996
2.4369164175217	8.1581015306700	-4.5689232158595
2.4420359898275	8.1373332508953	-4.4329013405574
2.4471555621332	8.1233015934454	-4.2953382461468
2.4522751344389	8.1179567418032	-4.1558285894580
2.4573947067446	8.1222489806732	-4.0164495222242
2.4625142790503	8.1346775291699	-3.8782299638395
2.4676338513560	8.1548979603137	-3.7397941669180
2.4727534236618	8.1849638027603	-3.6010462613885
2.4778729959675	8.2255567308453	-3.4642890976185
2.4829925682732	8.2749715604128	-3.3303569582520
2.4881121405789	8.3330540023767	-3.1976532749064
2.4932317128846	8.4021215547385	-3.0660524508505
2.4983512851903	8.4831966575283	-2.9376434388140
2.5034708574961	8.5756629050243	-2.8129802542547
2.5085904298018	8.6813764141454	-2.6911212570458
2.5137100021075	8.8047608137078	-2.5743452525959
2.5188295744132	8.9479542299374	-2.4690684537708
2.5239491467189	9.1090973989831	-2.3820041218383
2.5290687190247	9.2843415839241	-2.3189179725963
2.5341882913304	9.4668890855822	-2.2854942275424
2.5393078636361	9.6451292679312	-2.2836266370978
2.5444274359418	9.8075242071479	-2.3066307372861
2.5495470082475	9.9502052576848	-2.3426379602667
2.5546665805532	10.076618208387	-2.3827427509162
2.5597861528590	10.191364572280	-2.4228243711949
2.5649057251647	10.298598113696	-2.4601447718464
2.5700252974704	10.404003499455	-2.4937977161029
2.5751448697761	10.512295434938	-2.5272375610861
2.5802644420818	10.623158413113	-2.5650705406877
2.5853840143876	10.733861943489	-2.6078561063581
2.5905035866933	10.844604357012	-2.6537246262041
2.5956231589990	10.957538674466	-2.7031326989686
2.6007427313047	11.072822611996	-2.7579703349584
2.6058623036104	11.189866696631	-2.8182884773642
2.6109818759161	11.310219669530	-2.8841424465249
2.6161014482219	11.435112963416	-2.9584340856224
2.6212210205276	11.562414212238	-3.0440489868647
2.6263405928333	11.689610815040	-3.1405878327008
2.6314601651390	11.817131539600	-3.2473052581727
2.6365797374447	11.945436590558	-3.3663095057831
2.6416993097505	12.072010422255	-3.4995912238409
2.6468188820562	12.194462012757	-3.6462099589395
2.6519384543619	12.313163964347	-3.8055717375129
2.6570580266676	12.427765794654	-3.9799480058558
2.6621775989733	12.534722314383	-4.1708164424979
2.6672971712790	12.631025235956	-4.3764376629051
2.6724167435848	12.716474596652	-4.5956151340567
2.6775363158905	12.789806500095	-4.8297351513009
2.6826558881962	12.846825080833	-5.0786853463690
2.6877754605019	12.884651407064	-5.3390502881818
2.6928950328076	12.903442093584	-5.6084029014796
2.6980146051133	12.902066214242	-5.8867990850771
2.7031341774191	12.876884502416	-6.1722888671378
2.7082537497248	12.826481977276	-6.4598528348344
2.7133733220305	12.752671060984	-6.7462749537260
2.7184928943362	12.655605535191	-7.0309910842006
2.7236124666419	12.533255854640	-7.3111306575403
2.7287320389477	12.386622734074	-7.5813258553225
2.7338516112534	12.219741079283	-7.8392438995236
2.7389711835591	12.033948218942	-8.0854724030709
2.7440907558648	11.828260113408	-8.3176908820684
2.7492103281705	11.605392414449	-8.5315474843349
2.7543299004762	11.370204266505	-8.7271692704092
2.7594494727820	11.122218307659	-8.9068752204978
2.7645690450877	10.858397059091	-9.0660223797147
2.7696886173934	10.584702831439	-9.1953962632312
2.7748081896991	10.315704878666	-9.2952922535241
2.7799277620048	10.059144715346	-9.3788443615112
2.7850473343106	9.8081844736508	-9.4575920116912
2.7901669066163	9.5523779594451	-9.5303537692570
2.7952864789220	9.2897675772004	-9.5894957777642
2.8004060512277	9.0247830150896	-9.6315015775768
2.8055256235334	8.7606147706864	-9.6572788978636
2.8106451958391	8.4983674321623	-9.6674804024990
2.8157647681449	8.2396834530048	-9.6622458062882
2.8208843404506	7.9861745095279	-9.6427587966333
2.8260039127563	7.7383477531445	-9.6101144609327
2.8311234850620	7.4970113192448	-9.5645636653797
2.8362430573677	7.2637162212117	-9.5070734871421
2.8413626296734	7.0390620855930	-9.4394918416506
2.8464822019792	6.8227465708519	-9.3627621564452
2.8516017742849	6.6153834393432	-9.2771688078352
2.8567213465906	6.4180521631299	-9.1841794595790
2.8618409188963	6.2304068717742	-9.0858291174525
2.8669604912020	6.0513742866425	-8.9828086570819
2.8720800635078	5.8809884659464	-8.8752092853622
2.8771996358135	5.7195442091785	-8.7642054247079
2.8823192081192	5.5660482296651	-8.6510352648058
2.8874387804249	5.4194072943906	-8.5355230914686
2.8925583527306	5.2798497859217	-8.4173718114850
2.8976779250363	5.1475730054100	-8.2974834113728
2.9027974973421	5.0215691043715	-8.1765458195090
2.9079170696478	4.9010989707690	-8.0540304351415
2.9130366419535	4.7864711441203	-7.9297172844256
2.9181562142592	4.6774163468586	-7.8041590607800
2.9232757865649	4.5729784942089	-7.6768016851306
2.9283953588707	4.4738242837145	-7.5461134737693
2.9335149311764	4.3821264521245	-7.4123645057117
2.9386345034821	4.2984816842486	-7.2777432478960
2.9437540757878	4.2215202088960	-7.1432429669886
2.9488736480935	4.1508495306467	-7.0081323314806
2.9539932203992	4.0875479648764	-6.8726728018993
2.9591127927050	4.0316577853570	-6.7384676036579
2.9642323650107	3.9820514874904	-6.6061801043256
2.9693519373164	3.9384472577347	-6.4757497416150
2.9744715096221	3.9006131436164	-6.3481864346174
2.9795910819278	3.8665648821589	-6.2239657935704
2.9847106542336	3.8350555958620	-6.1008241936125
2.9898302265393	3.8086209057433	-5.9769554324710
2.9949497988450	3.7901133649536	-5.8552119022682
3.0000693711507	3.7773067858464	-5.7399781147276
3.0051889434564	3.7650989893506	-5.6309157894672
3.0103085157621	3.7519727549844	-5.5239414408022
3.0154280880679	3.7400828262939	-5.4171824928825
3.0205476603736	3.7302278427185	-5.3115817165604
3.0256672326793	3.7213364492283	-5.2067560873657
3.0307868049850	3.7140870762513	-5.1009062237344
3.0359063772907	3.7106023493762	-4.9942803840652
3.0410259495964	3.7109980752098	-4.8886737779090
3.0461455219022	3.7139394315736	-4.7840439165461
3.0512650942079	3.7198766936539	-4.6791198744879
3.0563846665136	3.7303322724155	-4.5744852624168
3.0615042388193	3.7449192997155	-4.4717560685396
3.0666238111250	3.7622225092614	-4.3706697295845
3.0717433834308	3.7826218159449	-4.2699703204671
3.0768629557365	3.8074267171766	-4.1701145608024
3.0819825280422	3.8362906998454	-4.0724446084685
3.0871021003479	3.8679278317250	-3.9767137060631
3.0922216726536	3.9024132059832	-3.8815484419696
3.0973412449593	3.9411060451229	-3.7863544217869
3.1024608172651	3.9854970320929	-3.6915843575489
3.1075803895708	4.0369079352519	-3.5986645052488
3.1126999618765	4.0954015969251	-3.5101698227016
3.1178195341822	4.1586445701838	-3.4278038690832
3.1229391064879	4.2244096291757	-3.3500148409022
3.1280586787937	4.2942503625244	-3.2744733706079
3.1331782510994	4.3715318322389	-3.2028716812023
3.1382978234051	4.4558945991098	-3.1398624443198
3.1434173957108	4.5432440083505	-3.0873889668591
3.1485369680165	4.6309237120123	-3.0438506626239
3.1536565403222	4.7187600150954	-3.0084707492520
3.1587761126280	4.8052813822994	-2.9819376686862
3.1638956849337	4.8876702512050	-2.9626635984905
3.1690152572394	4.9658662614078	-2.9470256020386
3.1741348295451	5.0424740675883	-2.9337719790675
3.1792544018508	5.1184310096963	-2.9242208848147
3.1843739741566	5.1927568179401	-2.9182860057968
3.1894935464623	5.2662259699818	-2.9145029207157
3.1946131187680	5.3409644527543	-2.9136675686011
3.1997326910737	5.4166653661111	-2.9182111858636
3.2048522633794	5.4912476122673	-2.9283153753979
3.2099718356851	5.5646900643541	-2.9425691834258
3.2150914079909	5.6382840923666	-2.9616762620154
3.2202109802966	5.7110165632248	-2.9875398509241
3.2253305526023	5.7806470803646	-3.0196789645055
3.2304501249080	5.8472652627759	-3.0564307636036
3.2355696972137	5.9119734774862	-3.0984611202808
3.2406892695194	5.9734266259743	-3.1473276738776
3.2458088418252	6.0293759642593	-3.2020685132583
3.2509284141309	6.0800082355008	-3.2608384714576
3.2560479864366	6.1261982832857	-3.3241474800241
3.2611675587423	6.1663615348364	-3.3929684269945
3.2662871310480	6.1984860494792	-3.4656423295877
3.2714067033538	6.2231806439684	-3.5400042410754
3.2765262756595	6.2414804482216	-3.6163395134082
3.2816458479652	6.2520216850832	-3.6950895901880
3.2867654202709	6.2534772098376	-3.7741407813822
3.2918849925766	6.2471963591102	-3.8513933845578
3.2970045648823	6.2345461800816	-3.9273361104988
3.3021241371881	6.2144357972876	-4.0023203652039
3.3072437094938	6.1861200446929	-4.0742091399547
3.3123632817995	6.1514211438146	-4.1412671751647
3.3174828541052	6.1117522263670	-4.2042370543472
3.3226024264109	6.0662148716326	-4.2632452971008
3.3277219987167	6.0148802228305	-4.3160568657487
3.3328415710224	5.9604710388374	-4.3615846775136
3.3379611433281	5.9046772583894	-4.4016226644906
3.3430807156338	5.8463237797805	-4.4371155953061
3.3482002879395	5.7850177634366	-4.4662725834746
3.3533198602452	5.7229856564980	-4.4880555715121
3.3584394325510	5.6617528529931	-4.5038420082957
3.3635590048567	5.6007660888450	-4.5142058797296
3.3686785771624	5.5406405506791	-4.5178623506027
3.3737981494681	5.4839698695146	-4.5150550448216
3.3789177217738	5.4318010014838	-4.5082521363948
3.3840372940795	5.3829952268369	-4.4985915245225
3.3891568663853	5.3377268849178	-4.4853663679440
3.3942764386910	5.2977820380329	-4.4695005516770
3.3993960109967	5.2630137252808	-4.4536401626649
3.4045155833024	5.2313629763422	-4.4385193041497
3.4096351556081	5.2025016939976	-4.4230369162100
3.4147547279139	5.1776554217626	-4.4078291017596
3.4198743002196	5.1560932397277	-4.3949165283338
3.4249938725253	5.1356666882334	-4.3841963658049
3.4301134448310	5.1163391238194	-4.3741180256076
3.4352330171367	5.0994101438651	-4.3651997211434
3.4403525894424	5.0840507606423	-4.3591431339639
3.4454721617482	5.0683230132601	-4.3554257401848
3.4505917340539	5.0525428937265	-4.3524590264622
3.4557113063596	5.0379946380235	-4.3509102969452
3.4608308786653	5.0236551238951	-4.3522990197012
3.4659504509710	5.0077067695391	-4.3557722844591
3.4710700232768	4.9907018523174	-4.3597148483718
3.4761895955825	4.9738615221782	-4.3648368338219
3.4813091678882	4.9560741683204	-4.3723779982540
3.4864287401939	4.9357801391562	-4.3811863186469
3.4915483124996	4.9138102273698	-4.3896584105574
3.4966678848053	4.8914289910529	-4.3984502562088
3.5017874571111	4.8678326530631	-4.4085011695893
3.5069070294168	4.8422105010471	-4.4188058710417
3.5120266017225	4.8156929316961	-4.4286559876368
3.5171461740282	4.7888561152837	-4.4393574388904
3.5222657463339	4.7601634403749	-4.4514441450758
3.5273853186397	4.7290526864936	-4.4631945286875
3.5325048909454	4.6974475589688	-4.4739877713294
3.5376244632511	4.6662443613824	-4.4859333487985
3.5427440355568	4.6335743341564	-4.5003791475675
3.5478636078625	4.5981451157787	-4.5162240340936
3.5529831801682	4.5606662513574	-4.5331607137252
3.5581027524740	4.5204904511212	-4.5527683739297
3.5632223247797	4.4746915389803	-4.5748640788269
3.5683418970854	4.4219380066361	-4.5965023473357
3.5734614693911	4.3636447818253	-4.6158065554522
3.5785810416968	4.3003911029822	-4.6330729868783
3.5837006140025	4.2311417954536	-4.6473706800772
3.5888201863083	4.1567339561161	-4.6561588432605
3.5939397586140	4.0800671603665	-4.6590404245035
3.5990593309197	4.0021850250381	-4.6580127049574
3.6041789032254	3.9219386080633	-4.6536587142363
3.6092984755311	3.8395322522474	-4.6449579385328
3.6144180478369	3.7563166097309	-4.6327047819173
3.6195376201426	3.6712055816679	-4.6189005369484
3.6246571924483	3.5814334512418	-4.6028400420837
3.6297767647540	3.4866934999929	-4.5817344566639
3.6348963370597	3.3887481910741	-4.5548067452223
3.6400159093654	3.2876058929959	-4.5230277490176
3.6451354816712	3.1818537946930	-4.4856530393171
3.6502550539769	3.0718024610724	-4.4408041419254
3.6553746262826	2.9585519942223	-4.3884290084567
3.6604941985883	2.8410547481758	-4.3290411070060
3.6656137708940	2.7175684472620	-4.2607444000625
3.6707333431998	2.5885846759647	-4.1807968591014
3.6758529155055	2.4550775094761	-4.0884417281006
3.6809724878112	2.3156195672531	-3.9829330926628
3.6860920601169	2.1683155294729	-3.8604889892004
3.6912116324226	2.0136720852694	-3.7158967485332
3.6963312047283	1.8529816429678	-3.5446799824368
3.7014507770341	1.6865961410476	-3.3406488634323
3.7065703493398	1.5171590732437	-3.0934037671654
3.7116899216455	1.3532984000409	-2.7906934858969
3.7168094939512	1.2094258613926	-2.4212832446796
3.7219290662569	1.1063163055110	-1.9747919381821
3.7270486385627	1.0758292403282	-1.4441678352506
3.7321682108684	1.1635746782297	-0.83557505434470
3.7372877831741	1.4224192509647	-0.18161950749342
3.7424073554798	1.8950176445010	0.44928458203986
3.7475269277855	2.5865217205215	0.95639643021861
3.7526465000912	3.4389318445342	1.2348047094957
3.7577660723970	4.3338572180809	1.2246107548658
3.7628856447027	5.1381401241732	0.94629021598482
3.7680052170084	5.7629000141161	0.48676148783924
3.7731247893141	6.1871728443775	-0.052227385589624
3.7782443616198	6.4362263874806	-0.59540118833006
3.7833639339255	6.5495101586468	-1.1002886956271
3.7884835062313	6.5655961613363	-1.5468042029563
3.7936030785370	6.5177456493217	-1.9305461220621
3.7987226508427	6.4292696592131	-2.2570983754439
3.8038422231484	6.3135809690058	-2.5331961871326
3.8089617954541	6.1807846813592	-2.7631727060135
3.8140813677599	6.0404297809386	-2.9528040600253
3.8192009400656	5.8977988280234	-3.1099898548131
3.8243205123713	5.7538411352538	-3.2398777224957
3.8294400846770	5.6104506307483	-3.3442877529697
3.8345596569827	5.4712073277233	-3.4264996268345
3.8396792292884	5.3369744968256	-3.4914902920877
3.8447988015942	5.2061800466176	-3.5414294231961
3.8499183738999	5.0794978521463	-3.5761387750679
3.8550379462056	4.9593012093984	-3.5977267033978
3.8601575185113	4.8451442322503	-3.6098114646631
3.8652770908170	4.7348072638554	-3.6130076608231
3.8703966631228	4.6288373285424	-3.6061333279531
3.8755162354285	4.5292257394966	-3.5906821148302
3.8806358077342	4.4350572609231	-3.5693165512109
3.8857553800399	4.3442462818792	-3.5415876198826
3.8908749523456	4.2577889884018	-3.5058539529255
3.8959945246513	4.1777099659646	-3.4634687699450
3.9011140969571	4.1029876208408	-3.4165731631953
3.9062336692628	4.0319486448278	-3.3641226300543
3.9113532415685	3.9661701136608	-3.3044529957974
3.9164728138742	3.9077788401340	-3.2390952888358
3.9215923861799	3.8557623221634	-3.1699337713556
3.9267119584857	3.8089858203550	-3.0956382783547
3.9318315307914	3.7696775916689	-3.0148471945439
3.9369511030971	3.7401340158463	-2.9295673610460
3.9420706754028	3.7194660561088	-2.8417830886495
3.9471902477085	3.7071445701432	-2.7503803000653
3.9523098200142	3.7059570111508	-2.6548898977060
3.9574293923200	3.7181249088647	-2.5583912045256
3.9625489646257	3.7424982909713	-2.4635840814189
3.9676685369314	3.7785463359386	-2.3701933371988
3.9727881092371	3.8287322852665	-2.2791423056869
3.9779076815428	3.8941176396556	-2.1948315756379
3.9830272538485	3.9721085391660	-2.1206439565450
3.9881468261543	4.0609470813708	-2.0568315661240
3.9932663984600	4.1615433191585	-2.0051062398646
3.9983859707657	4.2726062557776	-1.9702571361075
4.0035055430714	4.3890625706504	-1.9550139494688
4.0086251153771	4.5073337863962	-1.9585226432571
4.0137446876829	4.6266325941767	-1.9819174260188
4.0188642599886	4.7426107924770	-2.0296141533521
4.0239838322943	4.8451431686957	-2.1020469255453
4.0291034046000	4.9255548340161	-2.1915585685273
4.0342229769057	4.9824838405804	-2.2878762017654
4.0393425492114	5.0193084766312	-2.3841419246242
4.0444621215172	5.0399196438729	-2.4767973887796
4.0495816938229	5.0480344329799	-2.5640770008235
4.0547012661286	5.0464922954398	-2.6460311473386
4.0598208384343	5.0360241915923	-2.7226789800260
4.0649404107400	5.0175645927226	-2.7917777764800
4.0700599830458	4.9953053506926	-2.8513546384931
4.0751795553515	4.9742747708308	-2.9035621045593
4.0802991276572	4.9560203205337	-2.9528758480231
4.0854186999629	4.9396766249396	-3.0021377159638
4.0905382722686	4.9248823120557	-3.0535870961177
4.0956578445743	4.9097418993502	-3.1109674506840
4.1007774168801	4.8884574551203	-3.1760997924912
4.1058969891858	4.8554054326954	-3.2453196040719
4.1110165614915	4.8097762115144	-3.3129991617457
4.1161361337972	4.7531546289762	-3.3762146358586
4.1212557061029	4.6857825215967	-3.4328854576143
4.1263752784086	4.6088324094492	-3.4789904301347
4.1314948507144	4.5269586539154	-3.5116519398179
4.1366144230201	4.4448411228932	-3.5319919958277
4.1417339953258	4.3642696285179	-3.5418846220884
4.1468535676315	4.2872653420937	-3.5416367113806
4.1519731399372	4.2176169065820	-3.5337248852351
4.1570927122430	4.1559286984597	-3.5242125432841
4.1622122845487	4.0973489567657	-3.5168427667938
4.1673318568544	4.0374326426873	-3.5095179507534
4.1724514291601	3.9763736641905	-3.4991843945042
4.1775710014658	3.9152757840630	-3.4857771173631
4.1826905737715	3.8531900234991	-3.4690757158092
4.1878101460773	3.7904239542795	-3.4467401361252
4.1929297183830	3.7299496427398	-3.4181774801923
4.1980492906887	3.6730429928891	-3.3858291344767
4.2031688629944	3.6179530890025	-3.3505776246598
4.2082884353001	3.5645324596586	-3.3104247539610
4.2134080076059	3.5154485546087	-3.2650866314144
4.2185275799116	3.4716421087242	-3.2170089501326
4.2236471522173	3.4316064914063	-3.1668591344147
4.2287667245230	3.3959741154769	-3.1131856403427
4.2338862968287	3.3675208929728	-3.0572718137539
4.2390058691344	3.3459393805385	-3.0030319073366
4.2441254414402	3.3277814909448	-2.9515493681875
4.2492450137459	3.3118211559439	-2.9007930086680
4.2543645860516	3.2993297839652	-2.8506111756413
4.2594841583573	3.2894267022295	-2.8026445729065
4.2646037306630	3.2797114380759	-2.7557400368425
4.2697233029688	3.2710650877462	-2.7070269407245
4.2748428752745	3.2663481409935	-2.6570030996848
4.2799624475802	3.2651061806158	-2.6081034254935
4.2850820198859	3.2651758844719	-2.5591731204463
4.2902015921916	3.2686809939296	-2.5071813002609
4.2953211644973	3.2806442008260	-2.4539022241040
4.3004407368031	3.3018469875191	-2.4055511972531
4.3055603091088	3.3277059144792	-2.3660340694378
4.3106798814145	3.3535159254575	-2.3346204914309
4.3157994537202	3.3769139847222	-2.3089905182707
4.3209190260259	3.3968048682521	-2.2865508480833
4.3260385983316	3.4139526086177	-2.2643340050770
4.3311581706374	3.4312389575218	-2.2413878305729
4.3362777429431	3.4501973446077	-2.2198351605868
4.3413973152488	3.4691635617719	-2.2011027668261
4.3465168875545	3.4869331413733	-2.1836776603999
4.3516364598602	3.5049994074602	-2.1666232501799
4.3567560321660	3.5240096609841	-2.1516106039096
4.3618756044717	3.5419481486944	-2.1391782025285
4.3669951767774	3.5581499348835	-2.1270361182224
4.3721147490831	3.5749822525106	-2.1143276651275
4.3772343213888	3.5934376488072	-2.1033529684609
4.3823538936945	3.6114000730699	-2.0951385544676
4.3874734660003	3.6280340832706	-2.0877995513748
4.3925930383060	3.6452219100571	-2.0809199507689
4.3977126106117	3.6631089530008	-2.0767693659643
4.4028321829174	3.6790398883066	-2.0757446543829
4.4079517552231	3.6921405906589	-2.0754061028439
4.4130713275289	3.7041101934670	-2.0749661696634
4.4181908998346	3.7148267008662	-2.0757301185058
4.4233104721403	3.7223821241183	-2.0766134353325
4.4284300444460	3.7278975577929	-2.0745609309858
4.4335496167517	3.7350048414400	-2.0697776795385
4.4386691890574	3.7443821522323	-2.0653736582894
4.4437887613632	3.7539157280514	-2.0619840570712
4.4489083336689	3.7637827976800	-2.0579391088291
4.4540279059746	3.7760324491471	-2.0540637254793
4.4591474782803	3.7899246790452	-2.0529077398155
4.4642670505860	3.8030091046053	-2.0541201792753
4.4693866228917	3.8157134639796	-2.0557768745120
4.4745061951975	3.8297602959739	-2.0588951267061
4.4796257675032	3.8437152754026	-2.0655505933961
4.4847453398089	3.8551828501083	-2.0744315555008
4.4898649121146	3.8653018267912	-2.0833117860181
4.4949844844203	3.8760580483258	-2.0936332167828
4.5001040567261	3.8855929381425	-2.1077013610278
4.5052236290318	3.8909736799401	-2.1239230458273
4.5103432013375	3.8928483417588	-2.1393926725009
4.5154627736432	3.8930387980009	-2.1541264610457
4.5205823459489	3.8910054904776	-2.1685617926555
4.5257019182546	3.8868947092686	-2.1807254193483
4.5308214905604	3.8840199771456	-2.1901817624309
4.5359410628661	3.8840118283194	-2.2006910950480
4.5410606351718	3.8835997353324	-2.2148228627541
4.5461802074775	3.8800328395276	-2.2301372507504
4.5512997797832	3.8752427632577	-2.2442653508132
4.5564193520890	3.8712400921703	-2.2590505892092
4.5615389243947	3.8663217521000	-2.2763598653877
4.5666584967004	3.8590378903618	-2.2948700918424
4.5717780690061	3.8507379809191	-2.3140918409480
4.5768976413118	3.8412161162947	-2.3363594683809
4.5820172136175	3.8269958044143	-2.3620357134733
4.5871367859233	3.8064141768530	-2.3878047532219
4.5922563582290	3.7813644407779	-2.4117412027325
4.5973759305347	3.7524570426434	-2.4348905184272
4.6024955028404	3.7178524183295	-2.4566608457708
4.6076150751461	3.6777539767797	-2.4742130048422
4.6127346474519	3.6343803654402	-2.4869373272625
4.6178542197576	3.5873645580202	-2.4956649069907
4.6229737920633	3.5353675963323	-2.4976073097882
4.6280933643690	3.4820478272296	-2.4885161294698
4.6332129366747	3.4340591552839	-2.4697165855332
4.6383325089804	3.3934474235852	-2.4469997545784
4.6434520812862	3.3576938013988	-2.4234326808180
4.6485716535919	3.3256592387523	-2.3989498941385
4.6536912258976	3.2974708350400	-2.3749285509129
4.6588107982033	3.2707674725821	-2.3528968806027
4.6639303705090	3.2431820022977	-2.3309210639248
4.6690499428147	3.2161203587402	-2.3068892017672
4.6741695151205	3.1909993456184	-2.2823361602438
4.6792890874262	3.1656244447756	-2.2582340304112
4.6844086597319	3.1389815217721	-2.2316939330015
4.6895282320376	3.1141833109897	-2.2014295090225
4.6946478043433	3.0922809967885	-2.1702232202449
4.6997673766491	3.0705477592034	-2.1377539583984
4.7048869489548	3.0512985276949	-2.0997681349819
4.7100065212605	3.0422453646576	-2.0594739829752
4.7151260935662	3.0418446700492	-2.0285914232299
4.7202456658719	3.0359019625296	-2.0095764552520
4.7253652381776	3.0172764359280	-1.9884128561008
4.7304848104834	2.9975010313430	-1.9542994820234
4.7356043827891	2.9891089366319	-1.9151088135909
4.7407239550948	2.9878467308989	-1.8830631679122
4.7458435274005	2.9833371730487	-1.8564592363297
4.7509630997062	2.9763144998771	-1.8272806215097
4.7560826720120	2.9729629923746	-1.7965567589099
4.7612022443177	2.9715613433528	-1.7695660063289
4.7663218166234	2.9671544850908	-1.7441616776929
4.7714413889291	2.9619724526293	-1.7156438106906
4.7765609612348	2.9602978741721	-1.6862153261770
4.7816805335405	2.9598562313348	-1.6595712915889
4.7868001058463	2.9576143790708	-1.6330719209300
4.7919196781520	2.9569974322123	-1.6040964600198
4.7970392504577	2.9609203801426	-1.5769817508263
4.8021588227634	2.9647701709755	-1.5556412240709
4.8072783950691	2.9637587765665	-1.5363224203118
4.8123979673749	2.9601758433064	-1.5144845405386
4.8175175396806	2.9571571312875	-1.4915863131763
4.8226371119863	2.9527995973356	-1.4692918572519
4.8277566842920	2.9459322683204	-1.4446292984568
4.8328762565977	2.9400856368229	-1.4160600008315
4.8379958289034	2.9370631117109	-1.3868435388451
4.8431154012092	2.9340489716742	-1.3583715023464
4.8482349735149	2.9304201628346	-1.3278041098879
4.8533545458206	2.9294785940776	-1.2951075391334
4.8584741181263	2.9309732456488	-1.2641951490319
4.8635936904320	2.9302804400513	-1.2348348212409
4.8687132627377	2.9270496523720	-1.2017308175251
4.8738328350435	2.9265718144964	-1.1633361078189
4.8789524073492	2.9314061680134	-1.1237025416086
4.8840719796549	2.9394525550743	-1.0850721227836
4.8891915519606	2.9502893289567	-1.0465426565258
4.8943111242663	2.9654099820121	-1.0097537681450
4.8994306965721	2.9825641097233	-0.97810923738649
4.9045502688778	2.9968640996847	-0.95094826140171
4.9096698411835	3.0060560988842	-0.92428459493285
4.9147894134892	3.0099281790833	-0.89403475336562
4.9199089857949	3.0103841094673	-0.85384560738687
4.9250285581006	3.0180434680724	-0.79818555524338
4.9301481304064	3.0487027717356	-0.73591175499651
4.9352677027121	3.1023151517421	-0.69058756131362
4.9403872750178	3.1545549444257	-0.67454557011270
4.9455068473235	3.1826468690470	-0.67022315311783
4.9506264196292	3.1929468007371	-0.65026340817201
4.9557459919350	3.2104572549719	-0.60956237063987
4.9608655642407	3.2481467804714	-0.56494409772872
4.9659851365464	3.3000140681035	-0.53066328794636
4.9711047088521	3.3574845048323	-0.50905286685779
4.9762242811578	3.4167411556613	-0.50020165961540
4.9813438534635	3.4723752037270	-0.50517397136281
4.9864634257693	3.5175727820677	-0.51977586967839
4.9915829980750	3.5515524532143	-0.53583870106420
4.9967025703807	3.5792144682492	-0.54903379936610
5.0018221426864	3.6048173085592	-0.55992212344827
5.0069417149921	3.6306370052700	-0.57056097708711
5.0120612872978	3.6572675696994	-0.58463132192558
5.0171808596036	3.6806687671084	-0.60567631557545
5.0223004319093	3.6944318384330	-0.63094121389156
5.0274200042150	3.6985825077801	-0.65279036251971
5.0325395765207	3.6997116892522	-0.66905848452187
5.0376591488264	3.7001894162198	-0.68471301742694
5.0427787211322	3.6954724809706	-0.70141803203908
5.0478982934379	3.6838270317132	-0.71450710534036
5.0530178657436	3.6689821232947	-0.72201129273551
5.0581374380493	3.6513949940468	-0.72634031437863
5.0632570103550	3.6277921234242	-0.72506509201491
5.0683765826607	3.6017551192442	-0.71126314587725
5.0734961549665	3.5836964359296	-0.68587467280399
5.0786157272722	3.5773507781720	-0.65928793593178
5.0837352995779	3.5760327135689	-0.63822069383629
5.0888548718836	3.5737555458797	-0.62057130171804
5.0939744441893	3.5700847299466	-0.60390144185054
5.0990940164951	3.5635724327050	-0.58840086387476
5.1042135888008	3.5512279433608	-0.57076492299640
5.1093331611065	3.5353711738937	-0.54552890231846
5.1144527334122	3.5213636629705	-0.51292459882573
5.1195723057179	3.5090822934067	-0.47615615398484
